dataset: cleaned.csv
rows: [80000:95000]
using smote

results:

Decision Tree Accuracy: 0.43233333333333335

               precision    recall  f1-score   support

           0       0.20      0.13      0.16        39
           1       0.39      0.34      0.36       172
           2       0.23      0.24      0.23        71
           3       0.42      0.40      0.41       235
           4       0.48      0.48      0.48       209
           5       0.21      0.23      0.22       181
           6       0.35      0.26      0.30        66
           7       0.45      0.44      0.44       273
           8       0.14      0.12      0.13        98
           9       0.60      0.51      0.55       340
          10       0.31      0.54      0.39       113
          11       0.49      0.57      0.53       141
          12       0.59      0.56      0.58       193
          13       0.46      0.46      0.46       312
          14       0.46      0.48      0.47       557

    accuracy                           0.43      3000
   macro avg       0.39      0.38      0.38      3000
weighted avg       0.44      0.43      0.43      3000

        Time taken: 344.60214495658875 seconds
Naive Bayes Accuracy: 0.621

               precision    recall  f1-score   support

           0       0.17      0.31      0.22        39
           1       0.64      0.56      0.59       172
           2       0.37      0.44      0.40        71
           3       0.79      0.45      0.57       235
           4       0.71      0.79      0.74       209
           5       0.22      0.23      0.22       181
           6       0.45      0.68      0.54        66
           7       0.50      0.56      0.53       273
           8       0.20      0.40      0.27        98
           9       0.89      0.73      0.80       340
          10       0.65      0.58      0.61       113
          11       0.75      0.79      0.77       141
          12       0.71      0.81      0.76       193
          13       0.80      0.77      0.79       312
          14       0.72      0.64      0.67       557

    accuracy                           0.62      3000
   macro avg       0.57      0.58      0.57      3000
weighted avg       0.66      0.62      0.63      3000

        Time taken: 3.2961180210113525 seconds
K-Nearest Neighbors Accuracy: 0.263

               precision    recall  f1-score   support

           0       0.33      0.08      0.12        39
           1       0.20      0.53      0.29       172
           2       0.30      0.11      0.16        71
           3       0.19      0.73      0.31       235
           4       0.83      0.24      0.37       209
           5       0.12      0.30      0.17       181
           6       0.45      0.08      0.13        66
           7       0.71      0.05      0.10       273
           8       0.23      0.03      0.05        98
           9       0.49      0.54      0.51       340
          10       0.16      0.68      0.26       113
          11       0.54      0.48      0.50       141
          12       0.87      0.20      0.33       193
          13       0.78      0.06      0.11       312
          14       0.67      0.00      0.01       557

    accuracy                           0.26      3000
   macro avg       0.46      0.27      0.23      3000
weighted avg       0.53      0.26      0.22      3000

        Time taken: 7.1124186515808105 seconds
Bagging Accuracy: 0.48933333333333334

               precision    recall  f1-score   support

           0       0.19      0.18      0.18        39
           1       0.43      0.38      0.41       172
           2       0.30      0.30      0.30        71
           3       0.44      0.49      0.46       235
           4       0.54      0.51      0.52       209
           5       0.21      0.22      0.22       181
           6       0.48      0.32      0.38        66
           7       0.52      0.57      0.54       273
           8       0.17      0.11      0.14        98
           9       0.66      0.57      0.61       340
          10       0.38      0.53      0.44       113
          11       0.52      0.62      0.57       141
          12       0.70      0.58      0.63       193
          13       0.57      0.53      0.55       312
          14       0.50      0.55      0.52       557

    accuracy                           0.49      3000
   macro avg       0.44      0.43      0.43      3000
weighted avg       0.49      0.49      0.49      3000

        Time taken: 2911.1100046634674 seconds
Random Forest Accuracy: 0.545

               precision    recall  f1-score   support

           0       0.38      0.13      0.19        39
           1       0.46      0.44      0.45       172
           2       0.47      0.24      0.32        71
           3       0.42      0.62      0.50       235
           4       0.64      0.64      0.64       209
           5       0.22      0.28      0.24       181
           6       0.63      0.39      0.49        66
           7       0.57      0.62      0.59       273
           8       0.23      0.10      0.14        98
           9       0.67      0.69      0.68       340
          10       0.43      0.62      0.51       113
          11       0.57      0.67      0.62       141
          12       0.79      0.60      0.68       193
          13       0.70      0.61      0.65       312
          14       0.56      0.54      0.55       557

    accuracy                           0.55      3000
   macro avg       0.52      0.48      0.48      3000
weighted avg       0.55      0.55      0.54      3000

        Time taken: 314.7901384830475 seconds
Logistic Regression Accuracy: 0.634

               precision    recall  f1-score   support

           0       0.28      0.21      0.24        39
           1       0.60      0.58      0.59       172
           2       0.37      0.45      0.41        71
           3       0.57      0.65      0.61       235
           4       0.76      0.76      0.76       209
           5       0.22      0.27      0.24       181
           6       0.62      0.56      0.59        66
           7       0.64      0.59      0.61       273
           8       0.31      0.31      0.31        98
           9       0.78      0.76      0.77       340
          10       0.60      0.66      0.63       113
          11       0.75      0.73      0.74       141
          12       0.78      0.80      0.79       193
          13       0.81      0.77      0.79       312
          14       0.66      0.62      0.64       557

    accuracy                           0.63      3000
   macro avg       0.58      0.58      0.58      3000
weighted avg       0.64      0.63      0.64      3000

        Time taken: 713.5994851589203 seconds
Boosting Accuracy: 0.403

               precision    recall  f1-score   support

           0       0.23      0.15      0.18        39
           1       0.31      0.29      0.30       172
           2       0.22      0.21      0.22        71
           3       0.35      0.37      0.36       235
           4       0.46      0.34      0.39       209
           5       0.19      0.20      0.20       181
           6       0.44      0.33      0.38        66
           7       0.49      0.42      0.45       273
           8       0.19      0.16      0.17        98
           9       0.51      0.47      0.49       340
          10       0.44      0.42      0.43       113
          11       0.49      0.50      0.49       141
          12       0.62      0.48      0.54       193
          13       0.48      0.42      0.45       312
          14       0.36      0.52      0.43       557

    accuracy                           0.40      3000
   macro avg       0.39      0.35      0.37      3000
weighted avg       0.41      0.40      0.40      3000

        Time taken: 9662.865649461746 seconds
Hard Voting Accuracy: 0.5686666666666667

               precision    recall  f1-score   support

           0       0.24      0.21      0.22        39
           1       0.48      0.52      0.50       172
           2       0.35      0.38      0.36        71
           3       0.44      0.61      0.51       235
           4       0.66      0.68      0.67       209
           5       0.23      0.26      0.24       181
           6       0.65      0.42      0.51        66
           7       0.57      0.63      0.60       273
           8       0.28      0.11      0.16        98
           9       0.71      0.67      0.69       340
          10       0.47      0.61      0.53       113
          11       0.66      0.70      0.68       141
          12       0.80      0.64      0.71       193
          13       0.75      0.64      0.69       312
          14       0.60      0.57      0.59       557

    accuracy                           0.57      3000
   macro avg       0.53      0.51      0.51      3000
weighted avg       0.58      0.57      0.57      3000

        Time taken: 3623.0137479305267 seconds
Soft Voting Accuracy: 0.5746666666666667

               precision    recall  f1-score   support

           0       0.26      0.18      0.21        39
           1       0.57      0.47      0.51       172
           2       0.39      0.31      0.35        71
           3       0.50      0.57      0.53       235
           4       0.69      0.67      0.68       209
           5       0.27      0.23      0.25       181
           6       0.61      0.38      0.47        66
           7       0.58      0.64      0.61       273
           8       0.26      0.15      0.19        98
           9       0.71      0.65      0.68       340
          10       0.45      0.59      0.51       113
          11       0.58      0.71      0.64       141
          12       0.75      0.67      0.71       193
          13       0.69      0.65      0.67       312
          14       0.56      0.65      0.60       557

    accuracy                           0.57      3000
   macro avg       0.52      0.50      0.51      3000
weighted avg       0.57      0.57      0.57      3000

        Time taken: 3760.1120297908783 seconds
XGBoost Accuracy: 0.05633333333333333

               precision    recall  f1-score   support

           0       1.00      0.00      0.00        39
           1       0.06      0.98      0.11       172
           2       1.00      0.00      0.00        71
           3       1.00      0.00      0.00       235
           4       1.00      0.00      0.00       209
           5       1.00      0.00      0.00       181
           6       1.00      0.00      0.00        66
           7       1.00      0.00      0.00       273
           8       1.00      0.00      0.00        98
           9       1.00      0.00      0.00       340
          10       0.00      0.00      1.00       113
          11       1.00      0.00      0.00       141
          12       1.00      0.00      0.00       193
          13       1.00      0.00      0.00       312
          14       1.00      0.00      0.00       557

    accuracy                           0.06      3000
   macro avg       0.87      0.07      0.07      3000
weighted avg       0.91      0.06      0.04      3000

        Time taken: 862.9968843460083 seconds